A*
8 8 0
0 0 0 
8 8 0
81
0 0 0 1 2 3 4 5 6 7 8 9 10 11 12 13 14 15 16 17 18 
0 1 0 1 2 3 4 5 6 7 8 9 10 11 12 13 14 15 16 17 18 
0 2 0 1 2 3 4 5 6 7 8 9 10 11 12 13 14 15 16 17 18 
0 3 0 1 2 3 4 5 6 7 8 9 10 11 12 13 14 15 16 17 18 
0 4 0 1 2 3 4 5 6 7 8 9 10 11 12 13 14 15 16 17 18 
0 5 0 1 2 3 4 5 6 7 8 9 10 11 12 13 14 15 16 17 18 
0 6 0 1 2 3 4 5 6 7 8 9 10 11 12 13 14 15 16 17 18 
0 7 0 1 2 3 4 5 6 7 8 9 10 11 12 13 14 15 16 17 18 
0 8 0 1 2 3 4 5 6 7 8 9 10 11 12 13 14 15 16 17 18 
1 0 0 1 2 3 4 5 6 7 8 9 10 11 12 13 14 15 16 17 18 
1 1 0 1 2 3 4 5 6 7 8 9 10 11 12 13 14 15 16 17 18 
1 2 0 1 2 3 4 5 6 7 8 9 10 11 12 13 14 15 16 17 18 
1 3 0 1 2 3 4 5 6 7 8 9 10 11 12 13 14 15 16 17 18 
1 4 0 1 2 3 4 5 6 7 8 9 10 11 12 13 14 15 16 17 18 
1 5 0 1 2 3 4 5 6 7 8 9 10 11 12 13 14 15 16 17 18 
1 6 0 1 2 3 4 5 6 7 8 9 10 11 12 13 14 15 16 17 18 
1 7 0 1 2 3 4 5 6 7 8 9 10 11 12 13 14 15 16 17 18 
1 8 0 1 2 3 4 5 6 7 8 9 10 11 12 13 14 15 16 17 18 
2 0 0 1 2 3 4 5 6 7 8 9 10 11 12 13 14 15 16 17 18 
2 1 0 1 2 3 4 5 6 7 8 9 10 11 12 13 14 15 16 17 18 
2 2 0 1 2 3 4 5 6 7 8 9 10 11 12 13 14 15 16 17 18 
2 3 0 1 2 3 4 5 6 7 8 9 10 11 12 13 14 15 16 17 18 
2 4 0 1 2 3 4 5 6 7 8 9 10 11 12 13 14 15 16 17 18 
2 5 0 1 2 3 4 5 6 7 8 9 10 11 12 13 14 15 16 17 18 
2 6 0 1 2 3 4 5 6 7 8 9 10 11 12 13 14 15 16 17 18 
2 7 0 1 2 3 4 5 6 7 8 9 10 11 12 13 14 15 16 17 18 
2 8 0 1 2 3 4 5 6 7 8 9 10 11 12 13 14 15 16 17 18 
3 0 0 1 2 3 4 5 6 7 8 9 10 11 12 13 14 15 16 17 18 
3 1 0 1 2 3 4 5 6 7 8 9 10 11 12 13 14 15 16 17 18 
3 2 0 1 2 3 4 5 6 7 8 9 10 11 12 13 14 15 16 17 18 
3 3 0 1 2 3 4 5 6 7 8 9 10 11 12 13 14 15 16 17 18 
3 4 0 1 2 3 4 5 6 7 8 9 10 11 12 13 14 15 16 17 18 
3 5 0 1 2 3 4 5 6 7 8 9 10 11 12 13 14 15 16 17 18 
3 6 0 1 2 3 4 5 6 7 8 9 10 11 12 13 14 15 16 17 18 
3 7 0 1 2 3 4 5 6 7 8 9 10 11 12 13 14 15 16 17 18 
3 8 0 1 2 3 4 5 6 7 8 9 10 11 12 13 14 15 16 17 18 
4 0 0 1 2 3 4 5 6 7 8 9 10 11 12 13 14 15 16 17 18 
4 1 0 1 2 3 4 5 6 7 8 9 10 11 12 13 14 15 16 17 18 
4 2 0 1 2 3 4 5 6 7 8 9 10 11 12 13 14 15 16 17 18 
4 3 0 1 2 3 4 5 6 7 8 9 10 11 12 13 14 15 16 17 18 
4 4 0 1 2 3 4 5 6 7 8 9 10 11 12 13 14 15 16 17 18 
4 5 0 1 2 3 4 5 6 7 8 9 10 11 12 13 14 15 16 17 18 
4 6 0 1 2 3 4 5 6 7 8 9 10 11 12 13 14 15 16 17 18 
4 7 0 1 2 3 4 5 6 7 8 9 10 11 12 13 14 15 16 17 18 
4 8 0 1 2 3 4 5 6 7 8 9 10 11 12 13 14 15 16 17 18 
5 0 0 1 2 3 4 5 6 7 8 9 10 11 12 13 14 15 16 17 18 
5 1 0 1 2 3 4 5 6 7 8 9 10 11 12 13 14 15 16 17 18 
5 2 0 1 2 3 4 5 6 7 8 9 10 11 12 13 14 15 16 17 18 
5 3 0 1 2 3 4 5 6 7 8 9 10 11 12 13 14 15 16 17 18 
5 4 0 1 2 3 4 5 6 7 8 9 10 11 12 13 14 15 16 17 18 
5 5 0 1 2 3 4 5 6 7 8 9 10 11 12 13 14 15 16 17 18 
5 6 0 1 2 3 4 5 6 7 8 9 10 11 12 13 14 15 16 17 18 
5 7 0 1 2 3 4 5 6 7 8 9 10 11 12 13 14 15 16 17 18 
5 8 0 1 2 3 4 5 6 7 8 9 10 11 12 13 14 15 16 17 18 
6 0 0 1 2 3 4 5 6 7 8 9 10 11 12 13 14 15 16 17 18 
6 1 0 1 2 3 4 5 6 7 8 9 10 11 12 13 14 15 16 17 18 
6 2 0 1 2 3 4 5 6 7 8 9 10 11 12 13 14 15 16 17 18 
6 3 0 1 2 3 4 5 6 7 8 9 10 11 12 13 14 15 16 17 18 
6 4 0 1 2 3 4 5 6 7 8 9 10 11 12 13 14 15 16 17 18 
6 5 0 1 2 3 4 5 6 7 8 9 10 11 12 13 14 15 16 17 18 
6 6 0 1 2 3 4 5 6 7 8 9 10 11 12 13 14 15 16 17 18 
6 7 0 1 2 3 4 5 6 7 8 9 10 11 12 13 14 15 16 17 18 
6 8 0 1 2 3 4 5 6 7 8 9 10 11 12 13 14 15 16 17 18 
7 0 0 1 2 3 4 5 6 7 8 9 10 11 12 13 14 15 16 17 18 
7 1 0 1 2 3 4 5 6 7 8 9 10 11 12 13 14 15 16 17 18 
7 2 0 1 2 3 4 5 6 7 8 9 10 11 12 13 14 15 16 17 18 
7 3 0 1 2 3 4 5 6 7 8 9 10 11 12 13 14 15 16 17 18 
7 4 0 1 2 3 4 5 6 7 8 9 10 11 12 13 14 15 16 17 18 
7 5 0 1 2 3 4 5 6 7 8 9 10 11 12 13 14 15 16 17 18 
7 6 0 1 2 3 4 5 6 7 8 9 10 11 12 13 14 15 16 17 18 
7 7 0 1 2 3 4 5 6 7 8 9 10 11 12 13 14 15 16 17 18 
7 8 0 1 2 3 4 5 6 7 8 9 10 11 12 13 14 15 16 17 18 
8 0 0 1 2 3 4 5 6 7 8 9 10 11 12 13 14 15 16 17 18 
8 1 0 1 2 3 4 5 6 7 8 9 10 11 12 13 14 15 16 17 18 
8 2 0 1 2 3 4 5 6 7 8 9 10 11 12 13 14 15 16 17 18 
8 3 0 1 2 3 4 5 6 7 8 9 10 11 12 13 14 15 16 17 18 
8 4 0 1 2 3 4 5 6 7 8 9 10 11 12 13 14 15 16 17 18 
8 5 0 1 2 3 4 5 6 7 8 9 10 11 12 13 14 15 16 17 18 
8 6 0 1 2 3 4 5 6 7 8 9 10 11 12 13 14 15 16 17 18 
8 7 0 1 2 3 4 5 6 7 8 9 10 11 12 13 14 15 16 17 18 
8 8 0 1 2 3 4 5 6 7 8 9 10 11 12 13 14 15 16 17 18 